id,revenue
3001,6019950.0
3002,4950126.0
3003,17778642.0
3004,37359300.0
3005,4950126.0
3006,11205978.0
3007,7177503.0
3008,63088464.0
3009,32783726.0
3010,316831400.0
3011,4950126.0
3012,7177503.0
3013,43299480.0
3014,4950126.0
3015,40513950.0
3016,4950126.0
3017,111829870.0
3018,200242580.0
3019,14223044.0
3020,862413300.0
3021,84059176.0
3022,66231700.0
3023,4950126.0
3024,42644276.0
3025,6019950.0
3026,92352580.0
3027,10776282.0
3028,148149550.0
3029,4950126.0
3030,87834110.0
3031,28926034.0
3032,10891658.0
3033,4950126.0
3034,4950126.0
3035,13473340.0
3036,41016456.0
3037,65891804.0
3038,59367692.0
3039,34124120.0
3040,6019950.0
3041,29046078.0
3042,4950126.0
3043,14091314.0
3044,15268078.0
3045,314113630.0
3046,6107679.0
3047,22089908.0
3048,46147780.0
3049,18936196.0
3050,21650618.0
3051,4950126.0
3052,35756304.0
3053,4950126.0
3054,9770516.0
3055,70731030.0
3056,4950126.0
3057,118995544.0
3058,452252300.0
3059,9770516.0
3060,90578900.0
3061,65571410.0
3062,43251350.0
3063,63364228.0
3064,97344840.0
3065,40513950.0
3066,107671336.0
3067,17778642.0
3068,56639776.0
3069,256690370.0
3070,4950126.0
3071,28233966.0
3072,963837700.0
3073,4950126.0
3074,4950126.0
3075,60081108.0
3076,261201890.0
3077,49929544.0
3078,108169280.0
3079,67389940.0
3080,118229060.0
3081,46802924.0
3082,17778642.0
3083,20759200.0
3084,4950126.0
3085,31437954.0
3086,89011880.0
3087,4950126.0
3088,4950126.0
3089,3976342.8
3090,45627396.0
3091,55381244.0
3092,17778642.0
3093,282904670.0
3094,112403770.0
3095,50937680.0
3096,4950126.0
3097,1000350140.0
3098,28632992.0
3099,83933850.0
3100,22089908.0
3101,22089908.0
3102,20809184.0
3103,6107679.0
3104,4950126.0
3105,113605500.0
3106,102488600.0
3107,45307000.0
3108,28632992.0
3109,17778642.0
3110,409231700.0
3111,18667558.0
3112,6019950.0
3113,25211028.0
3114,42527060.0
3115,51168012.0
3116,17475252.0
3117,4950126.0
3118,17778642.0
3119,261506340.0
3120,284538880.0
3121,6107679.0
3122,26550372.0
3123,43908824.0
3124,14630894.0
3125,4950126.0
3126,40513950.0
3127,13473340.0
3128,44975770.0
3129,189049630.0
3130,17475252.0
3131,13473340.0
3132,20068258.0
3133,9770516.0
3134,20063794.0
3135,4950126.0
3136,13934088.0
3137,136513460.0
3138,4950126.0
3139,56319380.0
3140,71628190.0
3141,20798896.0
3142,4950126.0
3143,170999920.0
3144,33887796.0
3145,30781882.0
3146,9770516.0
3147,42628436.0
3148,18906240.0
3149,80223480.0
3150,93864740.0
3151,13558752.0
3152,30419762.0
3153,22089908.0
3154,27799498.0
3155,54112200.0
3156,17864054.0
3157,23428356.0
3158,89597070.0
3159,20809184.0
3160,-552719.0
3161,6107679.0
3162,31473948.0
3163,56319380.0
3164,6019950.0
3165,4950126.0
3166,6107679.0
3167,62242520.0
3168,6107679.0
3169,39099932.0
3170,25323036.0
3171,41620616.0
3172,49021156.0
3173,4950126.0
3174,7431661.0
3175,18936196.0
3176,47503344.0
3177,89726460.0
3178,1141305.0
3179,13473340.0
3180,17778642.0
3181,4950126.0
3182,290428380.0
3183,34124120.0
3184,28632992.0
3185,110407630.0
3186,44851456.0
3187,21966738.0
3188,27767578.0
3189,112403770.0
3190,18520384.0
3191,43604920.0
3192,6107679.0
3193,233630220.0
3194,118229060.0
3195,4950126.0
3196,17778642.0
3197,43447356.0
3198,138213060.0
3199,289823940.0
3200,20759200.0
3201,31939434.0
3202,16646296.0
3203,4950126.0
3204,6019950.0
3205,3976342.8
3206,31763178.0
3207,80395900.0
3208,30020344.0
3209,10072058.0
3210,330213800.0
3211,4950126.0
3212,78250184.0
3213,135369730.0
3214,14505358.0
3215,7801702.5
3216,19546374.0
3217,322187070.0
3218,8589216.0
3219,7431661.0
3220,173933440.0
3221,19541994.0
3222,7431661.0
3223,21966738.0
3224,6107679.0
3225,13473340.0
3226,17778642.0
3227,154375000.0
3228,106323220.0
3229,144823940.0
3230,48119564.0
3231,39959620.0
3232,50961892.0
3233,22505126.0
3234,20809184.0
3235,21068300.0
3236,4950126.0
3237,53456104.0
3238,16679788.0
3239,4950126.0
3240,249172830.0
3241,6019950.0
3242,7177503.0
3243,6019950.0
3244,4950126.0
3245,19541994.0
3246,40513950.0
3247,45812100.0
3248,67154530.0
3249,55381244.0
3250,366098180.0
3251,4950126.0
3252,22672228.0
3253,49232976.0
3254,4950126.0
3255,4950126.0
3256,62182900.0
3257,42908804.0
3258,31939434.0
3259,58769536.0
3260,10776282.0
3261,510302430.0
3262,41737644.0
3263,4950126.0
3264,6107679.0
3265,4950126.0
3266,4950126.0
3267,59858836.0
3268,4950126.0
3269,57549116.0
3270,79807820.0
3271,17778642.0
3272,27982524.0
3273,35497804.0
3274,532395650.0
3275,30272728.0
3276,6107679.0
3277,18970598.0
3278,118489980.0
3279,35653596.0
3280,362450660.0
3281,4950126.0
3282,4950126.0
3283,287261250.0
3284,47708010.0
3285,61570844.0
3286,6019950.0
3287,17778642.0
3288,36053590.0
3289,69285550.0
3290,110306936.0
3291,60511316.0
3292,355229800.0
3293,107209680.0
3294,23554952.0
3295,12585682.0
3296,4950126.0
3297,18970598.0
3298,112403770.0
3299,6019950.0
3300,45307000.0
3301,4950126.0
3302,22089908.0
3303,20809184.0
3304,17475252.0
3305,40513950.0
3306,4950126.0
3307,63157644.0
3308,20053390.0
3309,7431661.0
3310,13473340.0
3311,6019950.0
3312,31939434.0
3313,87834110.0
3314,18936196.0
3315,119399320.0
3316,40513950.0
3317,17778642.0
3318,6019950.0
3319,4950126.0
3320,28212584.0
3321,16405432.0
3322,6019950.0
3323,113784870.0
3324,13176430.0
3325,112403770.0
3326,154928740.0
3327,70573630.0
3328,33887796.0
3329,18886962.0
3330,143490300.0
3331,20809184.0
3332,62346784.0
3333,175725170.0
3334,9770516.0
3335,59313520.0
3336,24928636.0
3337,4950126.0
3338,21592694.0
3339,6019950.0
3340,110755310.0
3341,23428356.0
3342,62288290.0
3343,76620970.0
3344,6107679.0
3345,17778642.0
3346,39773424.0
3347,4950126.0
3348,48171736.0
3349,104813800.0
3350,193668850.0
3351,75895190.0
3352,12811334.0
3353,105278870.0
3354,17778642.0
3355,6107679.0
3356,33228724.0
3357,3976342.8
3358,7479045.5
3359,47503344.0
3360,12303368.0
3361,197488620.0
3362,18646584.0
3363,26584712.0
3364,25117106.0
3365,4950126.0
3366,81368580.0
3367,161757800.0
3368,4950126.0
3369,67784136.0
3370,60741376.0
3371,67389940.0
3372,49917868.0
3373,61561556.0
3374,19541994.0
3375,118037600.0
3376,40834348.0
3377,17778642.0
3378,24461726.0
3379,230087520.0
3380,63088464.0
3381,17778642.0
3382,4950126.0
3383,7177503.0
3384,65571410.0
3385,116881656.0
3386,9770516.0
3387,22505126.0
3388,141789520.0
3389,937528300.0
3390,12811334.0
3391,18970598.0
3392,20809184.0
3393,18886962.0
3394,161757800.0
3395,118489980.0
3396,13473340.0
3397,4950126.0
3398,324195550.0
3399,86564120.0
3400,12679602.0
3401,5035538.0
3402,4950126.0
3403,26551170.0
3404,14630894.0
3405,35756304.0
3406,156008350.0
3407,235816850.0
3408,67606920.0
3409,18667558.0
3410,40834348.0
3411,100747720.0
3412,30112850.0
3413,64721250.0
3414,4950126.0
3415,28300048.0
3416,85293700.0
3417,79807820.0
3418,56797160.0
3419,277520400.0
3420,6107679.0
3421,31437954.0
3422,10891658.0
3423,427591040.0
3424,4950126.0
3425,6664349.0
3426,22225852.0
3427,37566244.0
3428,6019950.0
3429,45812100.0
3430,909586100.0
3431,4950126.0
3432,20029272.0
3433,23109076.0
3434,17778642.0
3435,278175650.0
3436,153036380.0
3437,7177503.0
3438,15268078.0
3439,95011416.0
3440,63088464.0
3441,111233480.0
3442,6019950.0
3443,7801702.5
3444,4950126.0
3445,70373064.0
3446,4950126.0
3447,13473340.0
3448,52516096.0
3449,14932436.0
3450,74348570.0
3451,69021160.0
3452,38306772.0
3453,56936020.0
3454,53969532.0
3455,6105362.0
3456,110279550.0
3457,23392100.0
3458,19443440.0
3459,955541250.0
3460,51303228.0
3461,11205978.0
3462,26680528.0
3463,72591960.0
3464,6107679.0
3465,57315824.0
3466,56319380.0
3467,7177503.0
3468,134680850.0
3469,20809184.0
3470,4950126.0
3471,42390140.0
3472,11609778.0
3473,89726460.0
3474,55017384.0
3475,286704060.0
3476,4950126.0
3477,62182900.0
3478,6019950.0
3479,250827330.0
3480,14117738.0
3481,4950126.0
3482,6107679.0
3483,9770516.0
3484,4950126.0
3485,129951450.0
3486,179881260.0
3487,65891804.0
3488,128679170.0
3489,6019950.0
3490,54235490.0
3491,21506672.0
3492,6107679.0
3493,50937680.0
3494,17778642.0
3495,77669990.0
3496,6019950.0
3497,83884020.0
3498,19977550.0
3499,17864054.0
3500,6019950.0
3501,157692980.0
3502,70052664.0
3503,29531034.0
3504,85301510.0
3505,17778642.0
3506,167115490.0
3507,256690370.0
3508,12303368.0
3509,22089908.0
3510,48262264.0
3511,52980304.0
3512,187712270.0
3513,20566260.0
3514,46342590.0
3515,15307772.0
3516,24156798.0
3517,652487550.0
3518,56849864.0
3519,20063794.0
3520,4950126.0
3521,4950126.0
3522,20809184.0
3523,37573268.0
3524,126212480.0
3525,143490300.0
3526,47102196.0
3527,20063794.0
3528,26977776.0
3529,564077700.0
3530,81008320.0
3531,54847450.0
3532,60033536.0
3533,31427332.0
3534,34961440.0
3535,198043340.0
3536,22601112.0
3537,125415576.0
3538,60511316.0
3539,58540304.0
3540,35756304.0
3541,26836680.0
3542,34820788.0
3543,4950126.0
3544,40549364.0
3545,11609778.0
3546,17778642.0
3547,149272200.0
3548,467361570.0
3549,4950126.0
3550,400283260.0
3551,139881570.0
3552,71099140.0
3553,123037040.0
3554,160546400.0
3555,115485660.0
3556,97664180.0
3557,23004406.0
3558,132181640.0
3559,70437810.0
3560,9770516.0
3561,89726460.0
3562,19299494.0
3563,17778642.0
3564,6107679.0
3565,11464538.0
3566,46342590.0
3567,31763178.0
3568,4950126.0
3569,138665420.0
3570,4950126.0
3571,58010430.0
3572,193442160.0
3573,6019950.0
3574,30568394.0
3575,24928636.0
3576,40228970.0
3577,7431661.0
3578,67313016.0
3579,32783726.0
3580,31939434.0
3581,55320590.0
3582,173390580.0
3583,4950126.0
3584,22721458.0
3585,76215576.0
3586,34659920.0
3587,22089908.0
3588,16405432.0
3589,17864054.0
3590,43251350.0
3591,393893500.0
3592,6107679.0
3593,4950126.0
3594,10891658.0
3595,28302922.0
3596,47067230.0
3597,6019950.0
3598,72780820.0
3599,22966378.0
3600,6019950.0
3601,4950126.0
3602,6019950.0
3603,22268280.0
3604,4202044.0
3605,40834348.0
3606,22999244.0
3607,65571410.0
3608,147379840.0
3609,4950126.0
3610,49021156.0
3611,4950126.0
3612,14445012.0
3613,27870950.0
3614,107148100.0
3615,66002444.0
3616,24570022.0
3617,21298544.0
3618,79990210.0
3619,4950126.0
3620,112403770.0
3621,265078850.0
3622,246224290.0
3623,108924184.0
3624,4950126.0
3625,4950126.0
3626,40834348.0
3627,55043670.0
3628,428059520.0
3629,15268078.0
3630,4950126.0
3631,133547770.0
3632,22650346.0
3633,67606920.0
3634,6107679.0
3635,7431661.0
3636,35435908.0
3637,9770516.0
3638,33290620.0
3639,115384370.0
3640,421853980.0
3641,31939434.0
3642,20809184.0
3643,28632992.0
3644,24377534.0
3645,29394236.0
3646,30990756.0
3647,73062780.0
3648,9770516.0
3649,18936196.0
3650,23980408.0
3651,354184420.0
3652,13473340.0
3653,166903280.0
3654,24156798.0
3655,39211956.0
3656,22089908.0
3657,4950126.0
3658,4950126.0
3659,67606920.0
3660,362596160.0
3661,35640508.0
3662,54235490.0
3663,447583230.0
3664,4950126.0
3665,6107679.0
3666,6105362.0
3667,125415576.0
3668,49786236.0
3669,14198252.0
3670,56639776.0
3671,13473340.0
3672,7177503.0
3673,195266260.0
3674,37194350.0
3675,352071420.0
3676,85301510.0
3677,22089908.0
3678,45347756.0
3679,72187830.0
3680,18970598.0
3681,11464538.0
3682,258941950.0
3683,4950126.0
3684,118229060.0
3685,111054344.0
3686,19541994.0
3687,148497630.0
3688,4950126.0
3689,6107679.0
3690,85301510.0
3691,6323060.0
3692,4950126.0
3693,100536800.0
3694,98602000.0
3695,108580670.0
3696,39521996.0
3697,55348452.0
3698,58532124.0
3699,29391520.0
3700,4950126.0
3701,76786210.0
3702,4950126.0
3703,96386020.0
3704,65740540.0
3705,26522232.0
3706,71628190.0
3707,4950126.0
3708,16101572.0
3709,335077300.0
3710,30781882.0
3711,4950126.0
3712,40228970.0
3713,44575344.0
3714,6107679.0
3715,46330764.0
3716,16405432.0
3717,4950126.0
3718,4950126.0
3719,65571410.0
3720,6019950.0
3721,4950126.0
3722,86266360.0
3723,7177503.0
3724,23554952.0
3725,24156798.0
3726,17778642.0
3727,100031450.0
3728,113784870.0
3729,18936196.0
3730,87834110.0
3731,136928860.0
3732,4950126.0
3733,189152100.0
3734,353096100.0
3735,24378090.0
3736,26584712.0
3737,7177503.0
3738,4950126.0
3739,16101572.0
3740,39545890.0
3741,22505126.0
3742,110330180.0
3743,27799498.0
3744,145392560.0
3745,80395900.0
3746,146559580.0
3747,4950126.0
3748,23554952.0
3749,6019950.0
3750,9770516.0
3751,28849484.0
3752,6409221.5
3753,18936196.0
3754,40834348.0
3755,82288260.0
3756,37573268.0
3757,325806850.0
3758,146541220.0
3759,6019950.0
3760,163868460.0
3761,65740540.0
3762,253763470.0
3763,48171736.0
3764,31884438.0
3765,7431661.0
3766,28632992.0
3767,16679788.0
3768,18329116.0
3769,4950126.0
3770,22089908.0
3771,54112200.0
3772,20809184.0
3773,51821892.0
3774,8890758.0
3775,228575490.0
3776,105278870.0
3777,6409221.5
3778,4950126.0
3779,22999244.0
3780,7177503.0
3781,33731740.0
3782,9770516.0
3783,70118820.0
3784,6019950.0
3785,308474180.0
3786,17864054.0
3787,238877310.0
3788,475562460.0
3789,13473340.0
3790,4950126.0
3791,22966378.0
3792,4950126.0
3793,3976342.8
3794,13176430.0
3795,429239200.0
3796,26584712.0
3797,41005396.0
3798,35756304.0
3799,13473340.0
3800,10776282.0
3801,65159156.0
3802,6019950.0
3803,6409221.5
3804,4950126.0
3805,4950126.0
3806,66723652.0
3807,9464760.0
3808,6019950.0
3809,36929080.0
3810,21966738.0
3811,22089908.0
3812,17778642.0
3813,4950126.0
3814,6107679.0
3815,94481870.0
3816,103053340.0
3817,80978990.0
3818,107671336.0
3819,51112604.0
3820,80773896.0
3821,121897610.0
3822,28971660.0
3823,19977550.0
3824,11846106.0
3825,17778642.0
3826,99137430.0
3827,90028570.0
3828,18936196.0
3829,4950126.0
3830,46419220.0
3831,4950126.0
3832,193666850.0
3833,80223480.0
3834,27870950.0
3835,6019950.0
3836,13100592.0
3837,46147780.0
3838,35219144.0
3839,22089908.0
3840,53969532.0
3841,22999244.0
3842,16358330.0
3843,54061788.0
3844,6107679.0
3845,4950126.0
3846,4950126.0
3847,6019950.0
3848,13473340.0
3849,115062610.0
3850,46342590.0
3851,56319380.0
3852,19425212.0
3853,96614500.0
3854,4950126.0
3855,6107679.0
3856,24570022.0
3857,723953500.0
3858,4950126.0
3859,18936196.0
3860,46745880.0
3861,69296940.0
3862,20451330.0
3863,113313100.0
3864,117647460.0
3865,98602000.0
3866,16101572.0
3867,110407630.0
3868,20699548.0
3869,92352580.0
3870,153121200.0
3871,582950500.0
3872,26550372.0
3873,51303228.0
3874,6107679.0
3875,98602000.0
3876,4950126.0
3877,59441464.0
3878,140762080.0
3879,449475600.0
3880,26522232.0
3881,4950126.0
3882,6019950.0
3883,5035538.0
3884,157096830.0
3885,26680528.0
3886,40834348.0
3887,21966738.0
3888,10072058.0
3889,72561800.0
3890,145392560.0
3891,5594524.5
3892,18936196.0
3893,503334500.0
3894,109871760.0
3895,44472804.0
3896,59313520.0
3897,6019950.0
3898,38021788.0
3899,593010750.0
3900,48161320.0
3901,4950126.0
3902,4950126.0
3903,18936196.0
3904,16646296.0
3905,31046530.0
3906,60033536.0
3907,10891658.0
3908,10891658.0
3909,4950126.0
3910,19237738.0
3911,4950126.0
3912,16101572.0
3913,117249736.0
3914,28632992.0
3915,209298530.0
3916,4950126.0
3917,17778642.0
3918,13100592.0
3919,92243400.0
3920,33095964.0
3921,4950126.0
3922,25847558.0
3923,38306772.0
3924,44438416.0
3925,233530060.0
3926,6019950.0
3927,99179970.0
3928,120000170.0
3929,39773424.0
3930,4950126.0
3931,21592694.0
3932,18936196.0
3933,35497804.0
3934,87834110.0
3935,4950126.0
3936,9770516.0
3937,217655200.0
3938,15031748.0
3939,40834348.0
3940,7801702.5
3941,39278972.0
3942,204888880.0
3943,971360960.0
3944,13473340.0
3945,67784136.0
3946,4950126.0
3947,59313520.0
3948,12811334.0
3949,14630894.0
3950,17778642.0
3951,13473340.0
3952,56788668.0
3953,76112904.0
3954,494817500.0
3955,28272286.0
3956,82925660.0
3957,18936196.0
3958,17778642.0
3959,14198252.0
3960,6107679.0
3961,49265852.0
3962,18936196.0
3963,40421256.0
3964,716734700.0
3965,143490300.0
3966,57841188.0
3967,409285570.0
3968,46419220.0
3969,6019950.0
3970,28632992.0
3971,21592694.0
3972,22650346.0
3973,56319380.0
3974,4950126.0
3975,104688216.0
3976,82925660.0
3977,133716840.0
3978,203924700.0
3979,6107679.0
3980,6019950.0
3981,5035538.0
3982,16358330.0
3983,28632992.0
3984,311353250.0
3985,41424612.0
3986,1056121700.0
3987,64721250.0
3988,24461726.0
3989,45812100.0
3990,54112200.0
3991,6019950.0
3992,4950126.0
3993,22505126.0
3994,61520700.0
3995,37566244.0
3996,66678356.0
3997,24928636.0
3998,81368580.0
3999,41424612.0
4000,77847630.0
4001,11096094.0
4002,175520590.0
4003,4950126.0
4004,74348570.0
4005,9770516.0
4006,44152410.0
4007,4950126.0
4008,15268078.0
4009,41254750.0
4010,9770516.0
4011,30006676.0
4012,181373860.0
4013,61178680.0
4014,4950126.0
4015,65159156.0
4016,38306772.0
4017,24378090.0
4018,92352580.0
4019,348828480.0
4020,12811334.0
4021,78240070.0
4022,22999244.0
4023,191294780.0
4024,30781882.0
4025,6019950.0
4026,54723276.0
4027,102691220.0
4028,4950126.0
4029,4950126.0
4030,22276452.0
4031,105543110.0
4032,4950126.0
4033,4950126.0
4034,6019950.0
4035,99179970.0
4036,6019950.0
4037,25664964.0
4038,8076061.5
4039,17778642.0
4040,11464538.0
4041,9770516.0
4042,48489910.0
4043,11464538.0
4044,102415660.0
4045,125671280.0
4046,20451330.0
4047,529963400.0
4048,19541994.0
4049,4950126.0
4050,7431661.0
4051,407084640.0
4052,22276452.0
4053,4950126.0
4054,6107679.0
4055,25775346.0
4056,22721458.0
4057,9770516.0
4058,42860570.0
4059,4202044.0
4060,65159156.0
4061,120005256.0
4062,45307000.0
4063,23581564.0
4064,398693760.0
4065,108057430.0
4066,13473340.0
4067,49929544.0
4068,17778642.0
4069,21402956.0
4070,28926034.0
4071,14445012.0
4072,13473340.0
4073,147601070.0
4074,4950126.0
4075,29391520.0
4076,47866564.0
4077,373452200.0
4078,7497843.5
4079,115062610.0
4080,6019950.0
4081,6107679.0
4082,236831890.0
4083,61679190.0
4084,4950126.0
4085,28600204.0
4086,142063360.0
4087,25847558.0
4088,38306772.0
4089,30006676.0
4090,5594524.5
4091,116881656.0
4092,51303228.0
4093,45307000.0
4094,17778642.0
4095,201910600.0
4096,31939434.0
4097,53456104.0
4098,21592694.0
4099,4950126.0
4100,88038470.0
4101,33228724.0
4102,20068258.0
4103,71164890.0
4104,17778642.0
4105,4950126.0
4106,6019950.0
4107,4950126.0
4108,33731740.0
4109,6107679.0
4110,23554952.0
4111,9770516.0
4112,30006676.0
4113,9464760.0
4114,373144540.0
4115,16405432.0
4116,25775346.0
4117,4277885.0
4118,63364228.0
4119,77284150.0
4120,4950126.0
4121,10072058.0
4122,152806110.0
4123,6019950.0
4124,44851456.0
4125,19237738.0
4126,22184728.0
4127,4950126.0
4128,8589216.0
4129,4950126.0
4130,17778642.0
4131,195239570.0
4132,113757550.0
4133,40513950.0
4134,15268078.0
4135,32320028.0
4136,510715600.0
4137,13934088.0
4138,50928530.0
4139,6105362.0
4140,4950126.0
4141,20809184.0
4142,57315824.0
4143,58010430.0
4144,4950126.0
4145,56883544.0
4146,-251176.62
4147,4950126.0
4148,55423476.0
4149,7479045.5
4150,4950126.0
4151,9770516.0
4152,38306772.0
4153,37660720.0
4154,4950126.0
4155,29046078.0
4156,17030560.0
4157,10852124.0
4158,25775346.0
4159,72780820.0
4160,387078820.0
4161,31939434.0
4162,42628436.0
4163,136496530.0
4164,24928636.0
4165,7431661.0
4166,17778642.0
4167,74414220.0
4168,17778642.0
4169,4950126.0
4170,13473340.0
4171,146541220.0
4172,85301510.0
4173,18936196.0
4174,17778642.0
4175,9770516.0
4176,28302922.0
4177,4950126.0
4178,427591040.0
4179,13473340.0
4180,119375200.0
4181,60355004.0
4182,10072058.0
4183,77150260.0
4184,33720830.0
4185,16405432.0
4186,18329116.0
4187,30419762.0
4188,30112850.0
4189,4950126.0
4190,4950126.0
4191,4950126.0
4192,4950126.0
4193,273364160.0
4194,147154380.0
4195,18936196.0
4196,24570022.0
4197,30562462.0
4198,9770516.0
4199,7431661.0
4200,77669990.0
4201,79776360.0
4202,98838344.0
4203,33136862.0
4204,82733450.0
4205,9464760.0
4206,51445930.0
4207,478810460.0
4208,771131900.0
4209,70884480.0
4210,112403770.0
4211,40513950.0
4212,512268300.0
4213,16405432.0
4214,28632992.0
4215,8589216.0
4216,6107679.0
4217,9770516.0
4218,40834348.0
4219,25775346.0
4220,34124120.0
4221,4950126.0
4222,4950126.0
4223,102415660.0
4224,858992.6
4225,44770084.0
4226,28632992.0
4227,28233966.0
4228,4950126.0
4229,107148100.0
4230,55381244.0
4231,13934088.0
4232,20809184.0
4233,59313520.0
4234,64421824.0
4235,21068300.0
4236,7177503.0
4237,22184728.0
4238,63088464.0
4239,159186510.0
4240,323330900.0
4241,100536800.0
4242,13473340.0
4243,4950126.0
4244,80223480.0
4245,7177503.0
4246,-552719.0
4247,70373064.0
4248,13558752.0
4249,66132970.0
4250,40834348.0
4251,4950126.0
4252,140136880.0
4253,104813800.0
4254,52516096.0
4255,66678356.0
4256,395961540.0
4257,114179860.0
4258,34507690.0
4259,6019950.0
4260,156480510.0
4261,32271448.0
4262,9770516.0
4263,15031748.0
4264,424397100.0
4265,22089908.0
4266,30781882.0
4267,29990516.0
4268,14117738.0
4269,17864054.0
4270,608475400.0
4271,59465576.0
4272,4950126.0
4273,14630894.0
4274,54112200.0
4275,24570022.0
4276,23554952.0
4277,51958820.0
4278,14630894.0
4279,62430988.0
4280,4950126.0
4281,4950126.0
4282,45950630.0
4283,6107679.0
4284,16646296.0
4285,4950126.0
4286,727577860.0
4287,29220154.0
4288,54061788.0
4289,89374470.0
4290,94272260.0
4291,10891658.0
4292,7177503.0
4293,30006676.0
4294,140136880.0
4295,115719660.0
4296,65571410.0
4297,41799212.0
4298,4950126.0
4299,19541994.0
4300,76240920.0
4301,13473340.0
4302,12811334.0
4303,17778642.0
4304,33645136.0
4305,64162340.0
4306,40834348.0
4307,4950126.0
4308,4950126.0
4309,70373064.0
4310,4950126.0
4311,6107679.0
4312,56319380.0
4313,83827224.0
4314,8589216.0
4315,139864860.0
4316,277895870.0
4317,4950126.0
4318,47567164.0
4319,4950126.0
4320,30781882.0
4321,59313520.0
4322,11609778.0
4323,16646296.0
4324,22999244.0
4325,6019950.0
4326,18936196.0
4327,89906920.0
4328,22999244.0
4329,9770516.0
4330,669670400.0
4331,57841188.0
4332,61520700.0
4333,6019950.0
4334,148182100.0
4335,90635800.0
4336,42644276.0
4337,4950126.0
4338,266987790.0
4339,117790990.0
4340,34163804.0
4341,22951888.0
4342,15268078.0
4343,40513950.0
4344,5035538.0
4345,4950126.0
4346,61520700.0
4347,84419860.0
4348,4950126.0
4349,236776030.0
4350,9770516.0
4351,366811400.0
4352,4950126.0
4353,161097140.0
4354,47067230.0
4355,48119564.0
4356,17778642.0
4357,122166570.0
4358,16679788.0
4359,52001508.0
4360,59313520.0
4361,100287440.0
4362,12811334.0
4363,62951976.0
4364,105266184.0
4365,6107679.0
4366,48589160.0
4367,99340460.0
4368,143449650.0
4369,35435908.0
4370,77669990.0
4371,110712450.0
4372,35435908.0
4373,22089908.0
4374,50435596.0
4375,4950126.0
4376,4950126.0
4377,22650346.0
4378,45950630.0
4379,193766830.0
4380,55013020.0
4381,108330730.0
4382,398693760.0
4383,204888880.0
4384,35756304.0
4385,9770516.0
4386,120192210.0
4387,69111310.0
4388,62288290.0
4389,226591730.0
4390,10891658.0
4391,4950126.0
4392,133547770.0
4393,61971384.0
4394,44152410.0
4395,18906240.0
4396,56442668.0
4397,35653596.0
4398,182414460.0
4399,5035538.0
4400,18591718.0
4401,22225852.0
4402,35640508.0
4403,27705676.0
4404,60033536.0
4405,30360806.0
4406,4950126.0
4407,11609778.0
4408,6019950.0
4409,4950126.0
4410,16101572.0
4411,24315054.0
4412,99120410.0
4413,71440136.0
4414,4950126.0
4415,30781882.0
4416,6019950.0
4417,124566740.0
4418,9770516.0
4419,59465576.0
4420,377980380.0
4421,6428019.0
4422,18936196.0
4423,17778642.0
4424,6107679.0
4425,62390510.0
4426,93697390.0
4427,78325990.0
4428,13100592.0
4429,11609778.0
4430,4950126.0
4431,4950126.0
4432,186629540.0
4433,204332740.0
4434,303264740.0
4435,13672738.0
4436,29391520.0
4437,13473340.0
4438,4950126.0
4439,17864054.0
4440,13473340.0
4441,54112200.0
4442,4950126.0
4443,6107679.0
4444,9770516.0
4445,20798896.0
4446,6019950.0
4447,85301510.0
4448,39099932.0
4449,4950126.0
4450,139368340.0
4451,481474370.0
4452,27767578.0
4453,6107679.0
4454,4950126.0
4455,4950126.0
4456,110407630.0
4457,4202044.0
4458,4950126.0
4459,60305508.0
4460,22089908.0
4461,131572630.0
4462,91038010.0
4463,15307772.0
4464,66726920.0
4465,28302922.0
4466,4950126.0
4467,46104296.0
4468,7177503.0
4469,56154090.0
4470,38021788.0
4471,4950126.0
4472,133547770.0
4473,23247462.0
4474,23247462.0
4475,7801702.5
4476,9770516.0
4477,44152410.0
4478,4202044.0
4479,13473340.0
4480,87460504.0
4481,13473340.0
4482,41424612.0
4483,17778642.0
4484,6107679.0
4485,49345040.0
4486,46879970.0
4487,20132988.0
4488,85301510.0
4489,57228720.0
4490,6107679.0
4491,162331500.0
4492,24461726.0
4493,18936196.0
4494,18646584.0
4495,28632992.0
4496,35497804.0
4497,13473340.0
4498,52145264.0
4499,6019950.0
4500,99137430.0
4501,87002410.0
4502,17475252.0
4503,386363040.0
4504,6019950.0
4505,13473340.0
4506,134604180.0
4507,4950126.0
4508,13934088.0
4509,6019950.0
4510,22505126.0
4511,170999920.0
4512,9770516.0
4513,54235490.0
4514,14091314.0
4515,307877920.0
4516,13473340.0
4517,22184728.0
4518,230381950.0
4519,96972780.0
4520,18591718.0
4521,26584712.0
4522,78828150.0
4523,56797160.0
4524,4950126.0
4525,30781882.0
4526,10891658.0
4527,55423476.0
4528,14630894.0
4529,7431661.0
4530,33290620.0
4531,8589216.0
4532,17864054.0
4533,34124120.0
4534,15307772.0
4535,85301510.0
4536,15268078.0
4537,5594524.5
4538,46147780.0
4539,4950126.0
4540,87834110.0
4541,27982524.0
4542,74412980.0
4543,84059176.0
4544,7177503.0
4545,7431661.0
4546,4950126.0
4547,4950126.0
4548,31939434.0
4549,4950126.0
4550,13473340.0
4551,1013736200.0
4552,87460504.0
4553,28302922.0
4554,368890080.0
4555,6019950.0
4556,46419220.0
4557,22089908.0
4558,51833720.0
4559,66002444.0
4560,67980030.0
4561,54589980.0
4562,4950126.0
4563,303565220.0
4564,4950126.0
4565,4950126.0
4566,40834348.0
4567,147655800.0
4568,7431661.0
4569,33095964.0
4570,44438416.0
4571,14198252.0
4572,40228970.0
4573,57549116.0
4574,4950126.0
4575,6019950.0
4576,28632992.0
4577,14630894.0
4578,40834348.0
4579,21966738.0
4580,51821892.0
4581,19977550.0
4582,67154530.0
4583,163096260.0
4584,30781882.0
4585,133547770.0
4586,18936196.0
4587,17778642.0
4588,232792820.0
4589,17778642.0
4590,1229779300.0
4591,54723276.0
4592,4950126.0
4593,6107679.0
4594,34124120.0
4595,319975870.0
4596,451103870.0
4597,19488560.0
4598,141789520.0
4599,20451330.0
4600,4950126.0
4601,56442668.0
4602,41838892.0
4603,28302922.0
4604,22721458.0
4605,206223220.0
4606,133987130.0
4607,44514260.0
4608,22650346.0
4609,29714634.0
4610,185755380.0
4611,159654820.0
4612,46330764.0
4613,35756304.0
4614,32631504.0
4615,7431661.0
4616,4950126.0
4617,79807820.0
4618,9770516.0
4619,19541994.0
4620,9770516.0
4621,260346960.0
4622,30781882.0
4623,17296588.0
4624,4950126.0
4625,37359300.0
4626,41424612.0
4627,17864054.0
4628,22999244.0
4629,4950126.0
4630,23428356.0
4631,19425212.0
4632,6683578.5
4633,4950126.0
4634,9770516.0
4635,4950126.0
4636,78867020.0
4637,6107679.0
4638,19237738.0
4639,6107679.0
4640,56639776.0
4641,24461726.0
4642,9550172.0
4643,197420530.0
4644,7801702.5
4645,9770516.0
4646,1161173800.0
4647,4950126.0
4648,6107679.0
4649,99645040.0
4650,78828150.0
4651,65740540.0
4652,451869540.0
4653,4950126.0
4654,88743450.0
4655,130671250.0
4656,17778642.0
4657,31473948.0
4658,35078364.0
4659,10891658.0
4660,19541994.0
4661,19541994.0
4662,7431661.0
4663,22089908.0
4664,7431661.0
4665,35435908.0
4666,59441464.0
4667,176052880.0
4668,4950126.0
4669,18936196.0
4670,60914604.0
4671,20809184.0
4672,4950126.0
4673,18970598.0
4674,6409221.5
4675,21189400.0
4676,6019950.0
4677,4950126.0
4678,15268078.0
4679,4950126.0
4680,6019950.0
4681,40834348.0
4682,4950126.0
4683,9770516.0
4684,7177503.0
4685,56639776.0
4686,15031748.0
4687,38148310.0
4688,122791880.0
4689,17778642.0
4690,20809184.0
4691,43604920.0
4692,17778642.0
4693,19541994.0
4694,16256140.0
4695,46365150.0
4696,22089908.0
4697,81368580.0
4698,4950126.0
4699,23607864.0
4700,132181640.0
4701,232173540.0
4702,30853838.0
4703,29391520.0
4704,62288290.0
4705,69021160.0
4706,93679050.0
4707,22505126.0
4708,23693130.0
4709,4950126.0
4710,277031420.0
4711,43299480.0
4712,6107679.0
4713,208305340.0
4714,19425212.0
4715,4950126.0
4716,6019950.0
4717,29046078.0
4718,36999292.0
4719,185630460.0
4720,17778642.0
4721,16405432.0
4722,70573630.0
4723,7431661.0
4724,141789520.0
4725,15464998.0
4726,4950126.0
4727,17778642.0
4728,57166750.0
4729,94575660.0
4730,4950126.0
4731,37359300.0
4732,390857900.0
4733,4950126.0
4734,276956580.0
4735,63088464.0
4736,14630894.0
4737,45627396.0
4738,4950126.0
4739,95948140.0
4740,527797340.0
4741,4950126.0
4742,107148100.0
4743,6107679.0
4744,4950126.0
4745,387078820.0
4746,69597120.0
4747,13473340.0
4748,78240070.0
4749,19977550.0
4750,21068300.0
4751,62577664.0
4752,41424612.0
4753,10283242.0
4754,509851420.0
4755,21966738.0
4756,46365150.0
4757,193442160.0
4758,152437300.0
4759,335927970.0
4760,4950126.0
4761,18886962.0
4762,6107679.0
4763,4950126.0
4764,381899460.0
4765,19299494.0
4766,185488640.0
4767,54061788.0
4768,89726460.0
4769,56319380.0
4770,99120410.0
4771,135049360.0
4772,27799498.0
4773,28302922.0
4774,10622314.0
4775,4950126.0
4776,9770516.0
4777,232066510.0
4778,93261910.0
4779,20264718.0
4780,294907620.0
4781,4950126.0
4782,51762350.0
4783,21592694.0
4784,17475252.0
4785,39136260.0
4786,98602000.0
4787,99179970.0
4788,110687790.0
4789,8890758.0
4790,74069410.0
4791,39099932.0
4792,7177503.0
4793,30020344.0
4794,9770516.0
4795,30781882.0
4796,10072058.0
4797,1003521860.0
4798,79776360.0
4799,44733760.0
4800,37762576.0
4801,4950126.0
4802,27705676.0
4803,6019950.0
4804,14630894.0
4805,4950126.0
4806,17778642.0
4807,6107679.0
4808,13473340.0
4809,113757550.0
4810,4950126.0
4811,7431661.0
4812,81368580.0
4813,100747720.0
4814,4950126.0
4815,43604920.0
4816,55423476.0
4817,11464538.0
4818,68654184.0
4819,9770516.0
4820,73931570.0
4821,9770516.0
4822,6107679.0
4823,22089908.0
4824,49498500.0
4825,69912960.0
4826,21966738.0
4827,67154530.0
4828,35435908.0
4829,53135708.0
4830,61971384.0
4831,41069736.0
4832,28971660.0
4833,8589216.0
4834,30781882.0
4835,41007850.0
4836,17778642.0
4837,190946050.0
4838,54021212.0
4839,4950126.0
4840,528183700.0
4841,4950126.0
4842,107148100.0
4843,141789520.0
4844,6107679.0
4845,29046078.0
4846,9770516.0
4847,397846940.0
4848,47352216.0
4849,203341890.0
4850,24570022.0
4851,4950126.0
4852,19541994.0
4853,139881570.0
4854,31939434.0
4855,82925660.0
4856,17778642.0
4857,35435908.0
4858,61467468.0
4859,24209212.0
4860,431585200.0
4861,141789520.0
4862,221063620.0
4863,222168530.0
4864,74414220.0
4865,35756304.0
4866,17778642.0
4867,150069230.0
4868,14630894.0
4869,4950126.0
4870,17864054.0
4871,43604920.0
4872,4950126.0
4873,17864054.0
4874,104237930.0
4875,15602566.0
4876,53969532.0
4877,44152410.0
4878,45950630.0
4879,40834348.0
4880,25847558.0
4881,4950126.0
4882,20053390.0
4883,79776360.0
4884,132950350.0
4885,24156798.0
4886,33645136.0
4887,4950126.0
4888,22089908.0
4889,4950126.0
4890,105266184.0
4891,9770516.0
4892,13934088.0
4893,80188140.0
4894,11464538.0
4895,14630894.0
4896,58236490.0
4897,14198252.0
4898,133716840.0
4899,130260104.0
4900,200223140.0
4901,61953210.0
4902,17778642.0
4903,18936196.0
4904,232498220.0
4905,43604920.0
4906,4950126.0
4907,1008441600.0
4908,40834348.0
4909,87834110.0
4910,46330764.0
4911,23554952.0
4912,100747720.0
4913,21402956.0
4914,89726460.0
4915,90635800.0
4916,24570022.0
4917,15268078.0
4918,149325470.0
4919,44152410.0
4920,54112200.0
4921,102415660.0
4922,17778642.0
4923,17778642.0
4924,127930100.0
4925,134457090.0
4926,4950126.0
4927,41016456.0
4928,28632992.0
4929,45950630.0
4930,20809184.0
4931,33616356.0
4932,4950126.0
4933,94272260.0
4934,4950126.0
4935,536255040.0
4936,13473340.0
4937,4950126.0
4938,23247462.0
4939,4950126.0
4940,18936196.0
4941,83850050.0
4942,6019950.0
4943,71440136.0
4944,92352580.0
4945,7431661.0
4946,17778642.0
4947,4950126.0
4948,7431661.0
4949,55793068.0
4950,53135708.0
4951,43943124.0
4952,27705676.0
4953,104237930.0
4954,52145264.0
4955,6019950.0
4956,18906240.0
4957,58532124.0
4958,17475252.0
4959,34820788.0
4960,12983462.0
4961,143490300.0
4962,6019950.0
4963,54206640.0
4964,21068300.0
4965,9770516.0
4966,19425212.0
4967,84059176.0
4968,30112850.0
4969,4950126.0
4970,4950126.0
4971,76112904.0
4972,30157262.0
4973,48193284.0
4974,127125064.0
4975,14630894.0
4976,6019950.0
4977,65159156.0
4978,6107679.0
4979,21298544.0
4980,57228720.0
4981,42582164.0
4982,129326280.0
4983,4950126.0
4984,55017384.0
4985,289380380.0
4986,4950126.0
4987,10891658.0
4988,4202044.0
4989,31747730.0
4990,6107679.0
4991,24377534.0
4992,234157840.0
4993,12333574.0
4994,108057430.0
4995,4950126.0
4996,35497804.0
4997,65891804.0
4998,22951888.0
4999,84059176.0
5000,160738940.0
5001,238026690.0
5002,192655980.0
5003,38081880.0
5004,33228724.0
5005,37359300.0
5006,301607460.0
5007,35756304.0
5008,395795800.0
5009,40182960.0
5010,10776282.0
5011,18970598.0
5012,110407630.0
5013,21068300.0
5014,51303228.0
5015,35653596.0
5016,113757550.0
5017,37194350.0
5018,29990516.0
5019,89726460.0
5020,37942380.0
5021,4950126.0
5022,38081880.0
5023,17778642.0
5024,122505410.0
5025,6107679.0
5026,139368340.0
5027,72591960.0
5028,68885550.0
5029,93864740.0
5030,37359300.0
5031,12983462.0
5032,165782300.0
5033,11609778.0
5034,19977550.0
5035,4950126.0
5036,29391520.0
5037,83303190.0
5038,366321100.0
5039,7431661.0
5040,83445544.0
5041,51675620.0
5042,17778642.0
5043,38306772.0
5044,215308660.0
5045,30781882.0
5046,6019950.0
5047,4950126.0
5048,4950126.0
5049,94575660.0
5050,4950126.0
5051,362450660.0
5052,144843380.0
5053,32775572.0
5054,64721250.0
5055,21230032.0
5056,8589216.0
5057,17778642.0
5058,20053390.0
5059,30006676.0
5060,151886830.0
5061,65571410.0
5062,4950126.0
5063,4950126.0
5064,61520700.0
5065,23554952.0
5066,16277848.0
5067,73556744.0
5068,31364200.0
5069,104237930.0
5070,31939434.0
5071,136305100.0
5072,96386020.0
5073,7177503.0
5074,7431661.0
5075,18970598.0
5076,40513950.0
5077,108924184.0
5078,6019950.0
5079,14198252.0
5080,116336700.0
5081,76290540.0
5082,22966378.0
5083,13100592.0
5084,22184728.0
5085,4950126.0
5086,6107679.0
5087,4950126.0
5088,7177503.0
5089,17778642.0
5090,22966378.0
5091,33290620.0
5092,47503344.0
5093,54235490.0
5094,61561556.0
5095,114179860.0
5096,28212584.0
5097,4950126.0
5098,10891658.0
5099,12811334.0
5100,17778642.0
5101,4950126.0
5102,13473340.0
5103,4950126.0
5104,55381244.0
5105,17778642.0
5106,6019950.0
5107,30781882.0
5108,27982524.0
5109,4950126.0
5110,48215990.0
5111,136496530.0
5112,32271448.0
5113,4950126.0
5114,18345042.0
5115,7497843.5
5116,4950126.0
5117,286420580.0
5118,81460700.0
5119,9770516.0
5120,4950126.0
5121,87834110.0
5122,48119564.0
5123,18906240.0
5124,20798896.0
5125,20252300.0
5126,33720830.0
5127,43741850.0
5128,4950126.0
5129,9770516.0
5130,59465576.0
5131,31437954.0
5132,44851456.0
5133,149094610.0
5134,131058000.0
5135,185755380.0
5136,17778642.0
5137,79492264.0
5138,28971660.0
5139,193831000.0
5140,137928110.0
5141,61467468.0
5142,187712270.0
5143,99592040.0
5144,73690150.0
5145,14630894.0
5146,4950126.0
5147,13100592.0
5148,34163804.0
5149,12811334.0
5150,279186720.0
5151,451853020.0
5152,76112904.0
5153,14630894.0
5154,46147780.0
5155,9770516.0
5156,699068540.0
5157,39545890.0
5158,15031748.0
5159,87834110.0
5160,11758340.0
5161,43147100.0
5162,107671336.0
5163,148023620.0
5164,9770516.0
5165,54723276.0
5166,142184540.0
5167,11609778.0
5168,18936196.0
5169,7177503.0
5170,37942380.0
5171,156008350.0
5172,9464760.0
5173,81368580.0
5174,121690170.0
5175,13934088.0
5176,14223044.0
5177,201501700.0
5178,821749440.0
5179,6107679.0
5180,16679788.0
5181,4950126.0
5182,56949010.0
5183,3976342.8
5184,19541994.0
5185,6019950.0
5186,20809184.0
5187,4202044.0
5188,10891658.0
5189,54589980.0
5190,311339900.0
5191,45950630.0
5192,107671336.0
5193,109806936.0
5194,44152410.0
5195,185597650.0
5196,55043670.0
5197,39824940.0
5198,61520700.0
5199,17513278.0
5200,10072058.0
5201,30853838.0
5202,9770516.0
5203,4950126.0
5204,4950126.0
5205,22505126.0
5206,30006676.0
5207,6019950.0
5208,28233966.0
5209,112403770.0
5210,31980098.0
5211,13558752.0
5212,19541994.0
5213,65891804.0
5214,4950126.0
5215,13473340.0
5216,49356316.0
5217,10891658.0
5218,25117106.0
5219,28233966.0
5220,78828150.0
5221,4950126.0
5222,6019950.0
5223,68473250.0
5224,4950126.0
5225,4950126.0
5226,89726460.0
5227,4950126.0
5228,35435908.0
5229,124122410.0
5230,6019950.0
5231,17778642.0
5232,6107679.0
5233,9770516.0
5234,74348570.0
5235,35435908.0
5236,142165100.0
5237,156480510.0
5238,19541994.0
5239,44472804.0
5240,62430988.0
5241,62806950.0
5242,60741376.0
5243,6107679.0
5244,102415660.0
5245,22089908.0
5246,23247462.0
5247,82982800.0
5248,6019950.0
5249,46419220.0
5250,150334300.0
5251,17778642.0
5252,4950126.0
5253,11609778.0
5254,4950126.0
5255,96972780.0
5256,36798570.0
5257,17778642.0
5258,13473340.0
5259,112403770.0
5260,14445012.0
5261,73236360.0
5262,25815042.0
5263,53375190.0
5264,6019950.0
5265,42093800.0
5266,35640508.0
5267,6019950.0
5268,8890758.0
5269,121614090.0
5270,74412980.0
5271,28233966.0
5272,123832710.0
5273,4950126.0
5274,64591576.0
5275,14630894.0
5276,41424612.0
5277,4202044.0
5278,21592694.0
5279,25847558.0
5280,4950126.0
5281,22505126.0
5282,42582164.0
5283,6019950.0
5284,7431661.0
5285,74348570.0
5286,17778642.0
5287,7177503.0
5288,9770516.0
5289,211703940.0
5290,149325470.0
5291,389226800.0
5292,173645100.0
5293,165467820.0
5294,4950126.0
5295,588964540.0
5296,9770516.0
5297,87454790.0
5298,152437300.0
5299,10072058.0
5300,6019950.0
5301,16101572.0
5302,76620970.0
5303,4950126.0
5304,32271448.0
5305,6107679.0
5306,66678356.0
5307,262206300.0
5308,4950126.0
5309,4950126.0
5310,112843144.0
5311,5035538.0
5312,143093860.0
5313,474104740.0
5314,95948140.0
5315,6107679.0
5316,38306772.0
5317,18906240.0
5318,6019950.0
5319,40703440.0
5320,24928636.0
5321,44472804.0
5322,4950126.0
5323,179036300.0
5324,32271448.0
5325,6019950.0
5326,32227522.0
5327,142063360.0
5328,36675690.0
5329,6409221.5
5330,127015260.0
5331,4950126.0
5332,4950126.0
5333,56442668.0
5334,43099820.0
5335,7177503.0
5336,28632992.0
5337,3976342.8
5338,58532124.0
5339,43945400.0
5340,17778642.0
5341,120452550.0
5342,188246610.0
5343,48253652.0
5344,163779170.0
5345,6107679.0
5346,108843040.0
5347,6019950.0
5348,31437954.0
5349,4950126.0
5350,4950126.0
5351,107148100.0
5352,9770516.0
5353,34820788.0
5354,67784136.0
5355,76290540.0
5356,18936196.0
5357,4950126.0
5358,67445690.0
5359,57527772.0
5360,116336700.0
5361,17778642.0
5362,4950126.0
5363,40513950.0
5364,4950126.0
5365,86266360.0
5366,83640120.0
5367,77076510.0
5368,19977550.0
5369,593301440.0
5370,70065900.0
5371,48589160.0
5372,589703500.0
5373,45949028.0
5374,104235830.0
5375,87834110.0
5376,128292100.0
5377,28971660.0
5378,6107679.0
5379,19541994.0
5380,79283700.0
5381,76377790.0
5382,88925200.0
5383,4950126.0
5384,219991940.0
5385,157692980.0
5386,21068300.0
5387,15307772.0
5388,203322450.0
5389,20264718.0
5390,41799212.0
5391,39136260.0
5392,4950126.0
5393,13473340.0
5394,57228720.0
5395,24901278.0
5396,97309096.0
5397,12983462.0
5398,22184728.0
5399,6107679.0
5400,7431661.0
5401,79743740.0
5402,78899750.0
5403,39824940.0
5404,4950126.0
5405,116411016.0
5406,4950126.0
5407,271505920.0
5408,395624100.0
5409,121614090.0
5410,15031748.0
5411,32320028.0
5412,4950126.0
5413,9464760.0
5414,107671336.0
5415,61664176.0
5416,29046078.0
5417,102035336.0
5418,4950126.0
5419,4950126.0
5420,65571410.0
5421,43045724.0
5422,130671250.0
5423,180646600.0
5424,149177500.0
5425,35756304.0
5426,19353016.0
5427,9770516.0
5428,13473340.0
5429,79323976.0
5430,194003780.0
5431,60033536.0
5432,78867020.0
5433,25405506.0
5434,67389940.0
5435,17778642.0
5436,39136260.0
5437,53135708.0
5438,22650346.0
5439,6107679.0
5440,62951976.0
5441,16358330.0
5442,153745980.0
5443,99120410.0
5444,59363664.0
5445,67389940.0
5446,81368580.0
5447,20465050.0
5448,22184728.0
5449,82925660.0
5450,18936196.0
5451,37359300.0
5452,4950126.0
5453,187761710.0
5454,170322900.0
5455,29477872.0
5456,22184728.0
5457,55207156.0
5458,13473340.0
5459,10891658.0
5460,4950126.0
5461,4950126.0
5462,4950126.0
5463,890111200.0
5464,6019950.0
5465,35756304.0
5466,72804160.0
5467,69205950.0
5468,115485660.0
5469,4950126.0
5470,313747000.0
5471,139881570.0
5472,83873900.0
5473,24928636.0
5474,40513950.0
5475,75374490.0
5476,25847558.0
5477,7479045.5
5478,57319412.0
5479,103577976.0
5480,21506672.0
5481,18906240.0
5482,48262264.0
5483,36999292.0
5484,94389370.0
5485,7431661.0
5486,30781882.0
5487,265375180.0
5488,84059176.0
5489,75872430.0
5490,9770516.0
5491,117428080.0
5492,22862048.0
5493,30929684.0
5494,4950126.0
5495,35299510.0
5496,65608016.0
5497,29046078.0
5498,4950126.0
5499,107671336.0
5500,32746186.0
5501,17778642.0
5502,20809184.0
5503,49739500.0
5504,46390276.0
5505,6019950.0
5506,349522370.0
5507,60081108.0
5508,149325470.0
5509,129783900.0
5510,21298544.0
5511,15268078.0
5512,197826850.0
5513,4950126.0
5514,31980098.0
5515,18591718.0
5516,3976342.8
5517,364343000.0
5518,35640508.0
5519,180206830.0
5520,4950126.0
5521,33290620.0
5522,4950126.0
5523,386363040.0
5524,337551780.0
5525,38306772.0
5526,23554952.0
5527,9770516.0
5528,86245970.0
5529,4950126.0
5530,347118750.0
5531,4950126.0
5532,20264718.0
5533,110324140.0
5534,507140160.0
5535,3976342.8
5536,4950126.0
5537,19541994.0
5538,19541994.0
5539,228351700.0
5540,44575344.0
5541,191747170.0
5542,6107679.0
5543,25211028.0
5544,62806950.0
5545,4950126.0
5546,17778642.0
5547,36425880.0
5548,21189400.0
5549,63088464.0
5550,79317250.0
5551,41424612.0
5552,92352580.0
5553,71482970.0
5554,23247462.0
5555,44975770.0
5556,22721458.0
5557,17778642.0
5558,607933400.0
5559,6019950.0
5560,9770516.0
5561,16679788.0
5562,59313520.0
5563,4950126.0
5564,4950126.0
5565,20451330.0
5566,22184728.0
5567,17778642.0
5568,49436532.0
5569,55013020.0
5570,47352216.0
5571,157692980.0
5572,6107679.0
5573,146005700.0
5574,14630894.0
5575,153279300.0
5576,46419220.0
5577,31884438.0
5578,17778642.0
5579,20798896.0
5580,6107679.0
5581,40228970.0
5582,29046078.0
5583,60357116.0
5584,49096050.0
5585,26977776.0
5586,6107679.0
5587,30006676.0
5588,162730500.0
5589,99120410.0
5590,4950126.0
5591,42093800.0
5592,13934088.0
5593,36675690.0
5594,15307772.0
5595,30006676.0
5596,187761710.0
5597,9770516.0
5598,28971660.0
5599,21966738.0
5600,9770516.0
5601,38306772.0
5602,85301510.0
5603,4950126.0
5604,24570022.0
5605,164415250.0
5606,112403770.0
5607,47866564.0
5608,81308450.0
5609,24570022.0
5610,53456104.0
5611,69526590.0
5612,511649570.0
5613,28233966.0
5614,23554952.0
5615,76620970.0
5616,18906240.0
5617,362450660.0
5618,38306772.0
5619,82288260.0
5620,19541994.0
5621,78828150.0
5622,24209212.0
5623,36540780.0
5624,395431330.0
5625,4950126.0
5626,7177503.0
5627,104235830.0
5628,31884438.0
5629,274026940.0
5630,27953420.0
5631,100747720.0
5632,64292904.0
5633,33720830.0
5634,40208630.0
5635,87175700.0
5636,4950126.0
5637,13473340.0
5638,107671336.0
5639,22089908.0
5640,4950126.0
5641,86266360.0
5642,27799498.0
5643,14630894.0
5644,389226800.0
5645,135149140.0
5646,10891658.0
5647,16646296.0
5648,76112904.0
5649,6019950.0
5650,178661150.0
5651,42644276.0
5652,11609778.0
5653,109871760.0
5654,90492950.0
5655,80188140.0
5656,667992800.0
5657,9770516.0
5658,17778642.0
5659,33645136.0
5660,118037600.0
5661,18936196.0
5662,221838050.0
5663,25211028.0
5664,20809184.0
5665,90492950.0
5666,26522232.0
5667,29990516.0
5668,6019950.0
5669,12679602.0
5670,385178400.0
5671,27767578.0
5672,9770516.0
5673,58713020.0
5674,31880024.0
5675,9770516.0
5676,4950126.0
5677,73613864.0
5678,112403770.0
5679,4950126.0
5680,22452270.0
5681,1153424600.0
5682,4950126.0
5683,412468480.0
5684,83423610.0
5685,30781882.0
5686,5035538.0
5687,73057240.0
5688,23554952.0
5689,28632992.0
5690,10072058.0
5691,64292904.0
5692,549875650.0
5693,49929544.0
5694,58010430.0
5695,13473340.0
5696,42644276.0
5697,4950126.0
5698,18970598.0
5699,9770516.0
5700,84059176.0
5701,20063794.0
5702,44228108.0
5703,74348570.0
5704,43447356.0
5705,28302922.0
5706,6107679.0
5707,53969532.0
5708,20809184.0
5709,22184728.0
5710,13473340.0
5711,24397772.0
5712,138665420.0
5713,7479045.5
5714,14630894.0
5715,20068258.0
5716,4950126.0
5717,20252300.0
5718,17475252.0
5719,38306772.0
5720,28212584.0
5721,110330180.0
5722,6019950.0
5723,53250416.0
5724,6107679.0
5725,6107679.0
5726,84059176.0
5727,188671060.0
5728,22089908.0
5729,328097470.0
5730,8716678.0
5731,4950126.0
5732,6107679.0
5733,16405432.0
5734,35756304.0
5735,13473340.0
5736,76620970.0
5737,71034870.0
5738,114132440.0
5739,14630894.0
5740,23275134.0
5741,115384370.0
5742,45627396.0
5743,40834348.0
5744,4950126.0
5745,16101572.0
5746,42274172.0
5747,4950126.0
5748,92135470.0
5749,62182900.0
5750,63088464.0
5751,67154530.0
5752,13934088.0
5753,263432540.0
5754,32775572.0
5755,99120410.0
5756,33616356.0
5757,21189400.0
5758,4950126.0
5759,18936196.0
5760,6019950.0
5761,4950126.0
5762,197832960.0
5763,115062610.0
5764,7431661.0
5765,40513950.0
5766,42644276.0
5767,40513950.0
5768,30006676.0
5769,349587360.0
5770,19977550.0
5771,36929080.0
5772,27982524.0
5773,276335870.0
5774,87454790.0
5775,53456104.0
5776,21068300.0
5777,186629540.0
5778,163779170.0
5779,220209650.0
5780,4950126.0
5781,92650340.0
5782,78749980.0
5783,67947736.0
5784,9770516.0
5785,79492264.0
5786,22184728.0
5787,193328960.0
5788,6019950.0
5789,40513950.0
5790,116336700.0
5791,86718020.0
5792,18970598.0
5793,14445012.0
5794,75439650.0
5795,81368580.0
5796,17778642.0
5797,50897104.0
5798,4950126.0
5799,280974270.0
5800,4950126.0
5801,20068258.0
5802,4950126.0
5803,6107679.0
5804,381899460.0
5805,26961610.0
5806,42582164.0
5807,57228720.0
5808,65897056.0
5809,28089988.0
5810,4950126.0
5811,6019950.0
5812,95400936.0
5813,94272260.0
5814,4950126.0
5815,4950126.0
5816,7177503.0
5817,12811334.0
5818,17778642.0
5819,44228108.0
5820,41424612.0
5821,4950126.0
5822,4950126.0
5823,56333124.0
5824,54061788.0
5825,18906240.0
5826,17767434.0
5827,9770516.0
5828,386363040.0
5829,79492264.0
5830,45887430.0
5831,106466070.0
5832,49096050.0
5833,39613840.0
5834,41155984.0
5835,4950126.0
5836,108169280.0
5837,49498500.0
5838,4950126.0
5839,100536800.0
5840,6107679.0
5841,79990210.0
5842,73057240.0
5843,13473340.0
5844,13473340.0
5845,4950126.0
5846,6019950.0
5847,112403770.0
5848,59313520.0
5849,4950126.0
5850,39211956.0
5851,10776282.0
5852,7177503.0
5853,67606920.0
5854,27799498.0
5855,158997680.0
5856,34124120.0
5857,539526140.0
5858,4950126.0
5859,65772844.0
5860,175282930.0
5861,6019950.0
5862,13473340.0
5863,104754240.0
5864,410191740.0
5865,17784008.0
5866,24928636.0
5867,18906240.0
5868,45307000.0
5869,17778642.0
5870,4950126.0
5871,78705730.0
5872,185360400.0
5873,25697622.0
5874,6019950.0
5875,63088464.0
5876,73556744.0
5877,4950126.0
5878,118037600.0
5879,41424612.0
5880,96394820.0
5881,86266360.0
5882,191268180.0
5883,13473340.0
5884,61679190.0
5885,6107679.0
5886,37194350.0
5887,7431661.0
5888,20068258.0
5889,4950126.0
5890,45783110.0
5891,60877296.0
5892,22601112.0
5893,20809184.0
5894,110141240.0
5895,22721458.0
5896,162542450.0
5897,4950126.0
5898,50928530.0
5899,9770516.0
5900,22650346.0
5901,4950126.0
5902,17778642.0
5903,64292904.0
5904,56442668.0
5905,89758376.0
5906,84059176.0
5907,6019950.0
5908,80395900.0
5909,33331196.0
5910,111134904.0
5911,4202044.0
5912,311399900.0
5913,59313520.0
5914,18936196.0
5915,16358330.0
5916,59363664.0
5917,276287800.0
5918,95476680.0
5919,68759270.0
5920,4950126.0
5921,41530364.0
5922,14951234.0
5923,19237738.0
5924,22184728.0
5925,399601540.0
5926,6019950.0
5927,5594524.5
5928,80223480.0
5929,4950126.0
5930,68438890.0
5931,50928530.0
5932,4950126.0
5933,17475252.0
5934,68753224.0
5935,170394530.0
5936,88702584.0
5937,6019950.0
5938,13473340.0
5939,25211028.0
5940,118995544.0
5941,19425212.0
5942,90889976.0
5943,17778642.0
5944,40834348.0
5945,23247462.0
5946,6107679.0
5947,4950126.0
5948,185700160.0
5949,18936196.0
5950,210211460.0
5951,48489910.0
5952,6019950.0
5953,97670510.0
5954,33720830.0
5955,75385896.0
5956,77847630.0
5957,42628436.0
5958,125415576.0
5959,19977550.0
5960,7431661.0
5961,13473340.0
5962,10072058.0
5963,58532124.0
5964,86266360.0
5965,64448564.0
5966,45812100.0
5967,492939500.0
5968,95209410.0
5969,48945456.0
5970,19546374.0
5971,4950126.0
5972,33764724.0
5973,105266184.0
5974,6107679.0
5975,27799498.0
5976,6019950.0
5977,4950126.0
5978,1101256300.0
5979,10776282.0
5980,238895000.0
5981,12679602.0
5982,189460110.0
5983,6107679.0
5984,38306772.0
5985,107148100.0
5986,4950126.0
5987,19977550.0
5988,71029176.0
5989,9770516.0
5990,170169660.0
5991,6019950.0
5992,58010430.0
5993,68885550.0
5994,4950126.0
5995,31696674.0
5996,33290620.0
5997,28302922.0
5998,396725980.0
5999,4950126.0
6000,13473340.0
6001,22650346.0
6002,4950126.0
6003,402118300.0
6004,29990516.0
6005,6107679.0
6006,19237738.0
6007,13473340.0
6008,13473340.0
6009,86564120.0
6010,61520700.0
6011,44472804.0
6012,23554952.0
6013,286430270.0
6014,17778642.0
6015,28926034.0
6016,33731740.0
6017,4950126.0
6018,58257228.0
6019,4950126.0
6020,7177503.0
6021,17864054.0
6022,10072058.0
6023,80561660.0
6024,5035538.0
6025,15517240.0
6026,136206620.0
6027,19299494.0
6028,134621100.0
6029,9770516.0
6030,264922800.0
6031,59975720.0
6032,4950126.0
6033,62186052.0
6034,6107679.0
6035,352264740.0
6036,6107679.0
6037,7177503.0
6038,4950126.0
6039,3976342.8
6040,73236360.0
6041,335663650.0
6042,4950126.0
6043,146149170.0
6044,4950126.0
6045,47352216.0
6046,6107679.0
6047,31939434.0
6048,17864054.0
6049,14198252.0
6050,4950126.0
6051,9770516.0
6052,76788490.0
6053,4950126.0
6054,6019950.0
6055,6019950.0
6056,50928530.0
6057,6107679.0
6058,34820788.0
6059,112580450.0
6060,50937680.0
6061,94450584.0
6062,13473340.0
6063,108248890.0
6064,6019950.0
6065,79352350.0
6066,50057676.0
6067,52470108.0
6068,4950126.0
6069,172396480.0
6070,189392140.0
6071,7431661.0
6072,18520384.0
6073,36998036.0
6074,5035538.0
6075,20809184.0
6076,82997850.0
6077,18345042.0
6078,67154530.0
6079,470363900.0
6080,4950126.0
6081,9770516.0
6082,11846106.0
6083,125180300.0
6084,30006676.0
6085,27982524.0
6086,15268078.0
6087,57166750.0
6088,42582164.0
6089,17778642.0
6090,297571940.0
6091,4950126.0
6092,10072058.0
6093,17030560.0
6094,133716840.0
6095,64776064.0
6096,20132988.0
6097,45812100.0
6098,32320028.0
6099,49793140.0
6100,59441464.0
6101,151836340.0
6102,75209540.0
6103,104235830.0
6104,6107679.0
6105,9770516.0
6106,6107679.0
6107,4950126.0
6108,59603360.0
6109,41155984.0
6110,74236590.0
6111,4950126.0
6112,4950126.0
6113,22184728.0
6114,98916280.0
6115,133547770.0
6116,4950126.0
6117,26961610.0
6118,63088464.0
6119,110407630.0
6120,43099820.0
6121,15031748.0
6122,118048720.0
6123,9770516.0
6124,16405432.0
6125,14053286.0
6126,18646584.0
6127,17778642.0
6128,251020960.0
6129,858992.6
6130,4950126.0
6131,17778642.0
6132,4950126.0
6133,40421256.0
6134,73232460.0
6135,40834348.0
6136,450050720.0
6137,104813800.0
6138,7177503.0
6139,1143178800.0
6140,22999244.0
6141,33290620.0
6142,6019950.0
6143,17778642.0
6144,28881286.0
6145,37942380.0
6146,37762576.0
6147,102640070.0
6148,22505126.0
6149,116336700.0
6150,516005800.0
6151,35640508.0
6152,1149264600.0
6153,6107679.0
6154,4950126.0
6155,112403770.0
6156,9770516.0
6157,30020344.0
6158,81368580.0
6159,38148310.0
6160,43212576.0
6161,19808560.0
6162,13473340.0
6163,6107679.0
6164,22999244.0
6165,62430988.0
6166,37061160.0
6167,20699548.0
6168,22276452.0
6169,69597120.0
6170,6107679.0
6171,18337174.0
6172,7177503.0
6173,18936196.0
6174,75257900.0
6175,28632992.0
6176,18520384.0
6177,95476680.0
6178,4950126.0
6179,231118350.0
6180,65571410.0
6181,13473340.0
6182,314505380.0
6183,28632992.0
6184,922391300.0
6185,19299494.0
6186,31939434.0
6187,17778642.0
6188,40228970.0
6189,17778642.0
6190,128111380.0
6191,17778642.0
6192,84336400.0
6193,20068258.0
6194,6107679.0
6195,4950126.0
6196,66002444.0
6197,9770516.0
6198,90497060.0
6199,600314940.0
6200,4950126.0
6201,9770516.0
6202,131058000.0
6203,450582300.0
6204,13473340.0
6205,4950126.0
6206,56442668.0
6207,84059176.0
6208,72480610.0
6209,4950126.0
6210,5035538.0
6211,77312360.0
6212,14630894.0
6213,66641244.0
6214,31939434.0
6215,27799498.0
6216,35756304.0
6217,6019950.0
6218,6107679.0
6219,35756304.0
6220,4950126.0
6221,22650346.0
6222,7177503.0
6223,62503296.0
6224,62806950.0
6225,86212950.0
6226,14630894.0
6227,13473340.0
6228,5035538.0
6229,4950126.0
6230,4950126.0
6231,76112904.0
6232,15307772.0
6233,168527630.0
6234,40834348.0
6235,38306772.0
6236,32364440.0
6237,14630894.0
6238,17778642.0
6239,153100320.0
6240,200608700.0
6241,4950126.0
6242,4950126.0
6243,17513278.0
6244,71034870.0
6245,6683578.5
6246,9770516.0
6247,610456960.0
6248,17778642.0
6249,18936196.0
6250,56442668.0
6251,108169280.0
6252,33095964.0
6253,18591718.0
6254,146962700.0
6255,7801702.5
6256,28600204.0
6257,93864740.0
6258,4950126.0
6259,6107679.0
6260,17778642.0
6261,97975310.0
6262,20759200.0
6263,30434654.0
6264,6107679.0
6265,18345042.0
6266,13473340.0
6267,107209680.0
6268,4950126.0
6269,142926420.0
6270,127125064.0
6271,238724240.0
6272,6428019.0
6273,60821664.0
6274,251881760.0
6275,40834348.0
6276,24928636.0
6277,25211028.0
6278,13934088.0
6279,28212584.0
6280,20809184.0
6281,14630894.0
6282,311793900.0
6283,27261956.0
6284,110660770.0
6285,54112200.0
6286,6019950.0
6287,23554952.0
6288,204111420.0
6289,199259460.0
6290,4950126.0
6291,76620970.0
6292,227304620.0
6293,347344800.0
6294,17778642.0
6295,316751580.0
6296,4950126.0
6297,41341188.0
6298,4950126.0
6299,4950126.0
6300,74554310.0
6301,40834348.0
6302,7431661.0
6303,17778642.0
6304,23554952.0
6305,133547770.0
6306,71545790.0
6307,6107679.0
6308,4950126.0
6309,6019950.0
6310,45627396.0
6311,4950126.0
6312,6107679.0
6313,58982100.0
6314,50928530.0
6315,17778642.0
6316,47182948.0
6317,201054780.0
6318,44851456.0
6319,58532124.0
6320,6019950.0
6321,234619330.0
6322,33645136.0
6323,38081880.0
6324,4950126.0
6325,66143296.0
6326,17778642.0
6327,17198412.0
6328,63179864.0
6329,7497843.5
6330,6019950.0
6331,116336700.0
6332,6019950.0
6333,24928636.0
6334,9770516.0
6335,78899750.0
6336,74208530.0
6337,84059176.0
6338,4950126.0
6339,43251350.0
6340,4950126.0
6341,6019950.0
6342,17778642.0
6343,57549116.0
6344,52857350.0
6345,4950126.0
6346,146559580.0
6347,86124664.0
6348,22089908.0
6349,40834348.0
6350,6019950.0
6351,141324270.0
6352,104813800.0
6353,4950126.0
6354,4950126.0
6355,4950126.0
6356,17778642.0
6357,16646296.0
6358,6019950.0
6359,6019950.0
6360,7177503.0
6361,222656980.0
6362,18345042.0
6363,24570022.0
6364,18906240.0
6365,120789040.0
6366,20264718.0
6367,13473340.0
6368,40834348.0
6369,30781882.0
6370,151430370.0
6371,20068258.0
6372,54112200.0
6373,7497843.5
6374,24461726.0
6375,210089650.0
6376,19237738.0
6377,17778642.0
6378,10072058.0
6379,263668080.0
6380,23554952.0
6381,818020350.0
6382,61520700.0
6383,40834348.0
6384,77669990.0
6385,17778642.0
6386,296367520.0
6387,18886962.0
6388,6107679.0
6389,6107679.0
6390,43709936.0
6391,7431661.0
6392,49739500.0
6393,203299020.0
6394,298108900.0
6395,4950126.0
6396,4950126.0
6397,9464760.0
6398,21068300.0
6399,6019950.0
6400,39545890.0
6401,4950126.0
6402,17778642.0
6403,9770516.0
6404,55423476.0
6405,6019950.0
6406,8589216.0
6407,27799498.0
6408,35756304.0
6409,86266360.0
6410,21506672.0
6411,4950126.0
6412,17778642.0
6413,54206640.0
6414,590554900.0
6415,4950126.0
6416,13473340.0
6417,118489980.0
6418,61520700.0
6419,40793116.0
6420,52516096.0
6421,55926724.0
6422,4950126.0
6423,22089908.0
6424,66678356.0
6425,63715668.0
6426,17475252.0
6427,6019950.0
6428,4950126.0
6429,29714634.0
6430,96972780.0
6431,113784870.0
6432,144568430.0
6433,45812100.0
6434,22721458.0
6435,67170320.0
6436,79807820.0
6437,22089908.0
6438,49929544.0
6439,9745028.0
6440,62928176.0
6441,17864054.0
6442,15307772.0
6443,39251300.0
6444,4950126.0
6445,389534460.0
6446,252036110.0
6447,41424612.0
6448,6019950.0
6449,34163804.0
6450,20798896.0
6451,17778642.0
6452,75374490.0
6453,84059176.0
6454,44472804.0
6455,20053390.0
6456,7431661.0
6457,124235230.0
6458,9770516.0
6459,30781882.0
6460,93864740.0
6461,89899600.0
6462,198786480.0
6463,4950126.0
6464,10622314.0
6465,31473948.0
6466,32218538.0
6467,17778642.0
6468,6019950.0
6469,13100592.0
6470,7431661.0
6471,4950126.0
6472,17864054.0
6473,30006676.0
6474,6107679.0
6475,9770516.0
6476,297600300.0
6477,67606920.0
6478,25211028.0
6479,287433250.0
6480,70573630.0
6481,72441980.0
6482,6428019.0
6483,6019950.0
6484,149177500.0
6485,82925660.0
6486,4950126.0
6487,112720470.0
6488,38306772.0
6489,4950126.0
6490,9770516.0
6491,31046530.0
6492,19687110.0
6493,40022268.0
6494,119968400.0
6495,22650346.0
6496,318728130.0
6497,262956400.0
6498,66685412.0
6499,19541994.0
6500,9770516.0
6501,7431661.0
6502,119138390.0
6503,44438416.0
6504,9402070.0
6505,29394236.0
6506,9770516.0
6507,17778642.0
6508,106896770.0
6509,6019950.0
6510,4202044.0
6511,19541994.0
6512,17778642.0
6513,32746186.0
6514,7177503.0
6515,366542620.0
6516,35497804.0
6517,17778642.0
6518,14630894.0
6519,65891804.0
6520,4950126.0
6521,286544030.0
6522,62182900.0
6523,72001384.0
6524,40513950.0
6525,99773280.0
6526,296672860.0
6527,4950126.0
6528,20798896.0
6529,18936196.0
6530,93864740.0
6531,7177503.0
6532,17778642.0
6533,6019950.0
6534,738497540.0
6535,6105362.0
6536,45812100.0
6537,84296440.0
6538,44851456.0
6539,110452630.0
6540,116881656.0
6541,136757490.0
6542,56050050.0
6543,4950126.0
6544,36851030.0
6545,33095964.0
6546,318173200.0
6547,6107679.0
6548,55043670.0
6549,84059176.0
6550,43147100.0
6551,76112904.0
6552,28089988.0
6553,4950126.0
6554,40513950.0
6555,24156798.0
6556,59819210.0
6557,21068300.0
6558,94418060.0
6559,81696040.0
6560,303125100.0
6561,4950126.0
6562,92135980.0
6563,7486265.0
6564,17475252.0
6565,35640508.0
6566,46365150.0
6567,17778642.0
6568,35302004.0
6569,4950126.0
6570,96386020.0
6571,28632992.0
6572,4950126.0
6573,21661298.0
6574,40513950.0
6575,15031748.0
6576,49096050.0
6577,6019950.0
6578,81195150.0
6579,14630894.0
6580,4950126.0
6581,63364228.0
6582,4950126.0
6583,9770516.0
6584,9770516.0
6585,63387140.0
6586,54235490.0
6587,31939434.0
6588,7177503.0
6589,44851456.0
6590,142184540.0
6591,45347756.0
6592,186965680.0
6593,116591380.0
6594,68448290.0
6595,6107679.0
6596,121172824.0
6597,4950126.0
6598,30006676.0
6599,18970598.0
6600,21068300.0
6601,76127900.0
6602,438773950.0
6603,62528892.0
6604,30006676.0
6605,128292100.0
6606,6107679.0
6607,71034870.0
6608,4950126.0
6609,6107679.0
6610,17778642.0
6611,9770516.0
6612,694424960.0
6613,99179970.0
6614,315205200.0
6615,3976342.8
6616,131058000.0
6617,68619240.0
6618,40834348.0
6619,10072058.0
6620,17778642.0
6621,60511316.0
6622,157692980.0
6623,306829150.0
6624,129425784.0
6625,141898700.0
6626,27133824.0
6627,57089348.0
6628,4950126.0
6629,23554952.0
6630,14630894.0
6631,17778642.0
6632,6107679.0
6633,20068258.0
6634,25847558.0
6635,6107679.0
6636,164577220.0
6637,63088464.0
6638,9770516.0
6639,20798896.0
6640,32631504.0
6641,227304620.0
6642,186629540.0
6643,4950126.0
6644,4950126.0
6645,80395900.0
6646,54589980.0
6647,9770516.0
6648,54061788.0
6649,6107679.0
6650,18906240.0
6651,41341188.0
6652,5035538.0
6653,40513950.0
6654,115485660.0
6655,54589980.0
6656,6900668.5
6657,86266360.0
6658,6019950.0
6659,4950126.0
6660,4950126.0
6661,4950126.0
6662,43604920.0
6663,334973660.0
6664,7177503.0
6665,4950126.0
6666,14951234.0
6667,159562750.0
6668,24634208.0
6669,17778642.0
6670,4950126.0
6671,26411186.0
6672,18936196.0
6673,86266360.0
6674,410721800.0
6675,107812320.0
6676,7431661.0
6677,4950126.0
6678,7479045.5
6679,432650700.0
6680,57315824.0
6681,671227400.0
6682,30020344.0
6683,49801476.0
6684,4950126.0
6685,24570022.0
6686,22089908.0
6687,92352580.0
6688,30112850.0
6689,62620164.0
6690,261835700.0
6691,9770516.0
6692,416996130.0
6693,45627396.0
6694,63088464.0
6695,44438416.0
6696,147655800.0
6697,4950126.0
6698,24770598.0
6699,320318200.0
6700,171323980.0
6701,62862548.0
6702,55021540.0
6703,20068258.0
6704,4950126.0
6705,53135708.0
6706,44472804.0
6707,34133920.0
6708,28233966.0
6709,4950126.0
6710,169136380.0
6711,24649318.0
6712,81368580.0
6713,18936196.0
6714,4950126.0
6715,6107679.0
6716,55381244.0
6717,399090180.0
6718,19541994.0
6719,23554952.0
6720,9770516.0
6721,85301510.0
6722,5594524.5
6723,108248890.0
6724,19541994.0
6725,4950126.0
6726,91900190.0
6727,22089908.0
6728,8589216.0
6729,21189400.0
6730,51675620.0
6731,4950126.0
6732,4950126.0
6733,86200500.0
6734,6105362.0
6735,157520640.0
6736,6107679.0
6737,15031748.0
6738,6019950.0
6739,22089908.0
6740,4950126.0
6741,4950126.0
6742,59465576.0
6743,89726460.0
6744,17778642.0
6745,10891658.0
6746,84059176.0
6747,26584712.0
6748,6107679.0
6749,6019950.0
6750,4950126.0
6751,22505126.0
6752,121614090.0
6753,24461726.0
6754,61520700.0
6755,8589216.0
6756,160452000.0
6757,63048140.0
6758,17475252.0
6759,81368580.0
6760,40513950.0
6761,35857000.0
6762,4950126.0
6763,41045388.0
6764,6107679.0
6765,194608050.0
6766,4950126.0
6767,29046078.0
6768,176117550.0
6769,24570022.0
6770,23554952.0
6771,9770516.0
6772,22089908.0
6773,18936196.0
6774,239746960.0
6775,322639500.0
6776,4950126.0
6777,55603376.0
6778,59313520.0
6779,30781882.0
6780,57228720.0
6781,17778642.0
6782,115062610.0
6783,52212570.0
6784,9770516.0
6785,87834110.0
6786,4202044.0
6787,41424612.0
6788,4950126.0
6789,4950126.0
6790,21608884.0
6791,47503344.0
6792,388242020.0
6793,67154530.0
6794,22650346.0
6795,4950126.0
6796,512324160.0
6797,25976270.0
6798,48638228.0
6799,7177503.0
6800,130731590.0
6801,292508130.0
6802,24156798.0
6803,172286880.0
6804,4950126.0
6805,42274172.0
6806,17475252.0
6807,78624280.0
6808,4950126.0
6809,59472012.0
6810,18906240.0
6811,65571410.0
6812,26961610.0
6813,130671250.0
6814,13473340.0
6815,46451856.0
6816,17778642.0
6817,4950126.0
6818,4950126.0
6819,69326090.0
6820,62182900.0
6821,38148310.0
6822,20252300.0
6823,27685872.0
6824,154019400.0
6825,63101988.0
6826,26522232.0
6827,13473340.0
6828,4950126.0
6829,4950126.0
6830,22089908.0
6831,55348452.0
6832,36929080.0
6833,37912190.0
6834,14630894.0
6835,148149550.0
6836,13473340.0
6837,130731590.0
6838,13473340.0
6839,14505358.0
6840,30419762.0
6841,23554952.0
6842,20894596.0
6843,13473340.0
6844,70355080.0
6845,31364200.0
6846,62182900.0
6847,9770516.0
6848,23109076.0
6849,25211028.0
6850,88331850.0
6851,159052900.0
6852,14223044.0
6853,20809184.0
6854,44438416.0
6855,48589160.0
6856,4950126.0
6857,25101182.0
6858,13934088.0
6859,67657064.0
6860,20759200.0
6861,51762350.0
6862,46365150.0
6863,253340740.0
6864,10072058.0
6865,11609778.0
6866,130671250.0
6867,41016456.0
6868,1312040300.0
6869,46745880.0
6870,4950126.0
6871,63364228.0
6872,4950126.0
6873,17784008.0
6874,57685416.0
6875,8589216.0
6876,37566244.0
6877,28971660.0
6878,4950126.0
6879,30781882.0
6880,15031748.0
6881,7801702.5
6882,120131576.0
6883,56319380.0
6884,42093800.0
6885,20068258.0
6886,6019950.0
6887,41838892.0
6888,46993056.0
6889,13100592.0
6890,21966738.0
6891,72780820.0
6892,146647100.0
6893,215971800.0
6894,46147780.0
6895,6107679.0
6896,4950126.0
6897,4950126.0
6898,33720830.0
6899,16101572.0
6900,61520700.0
6901,44851456.0
6902,6019950.0
6903,53969532.0
6904,57508564.0
6905,56319380.0
6906,193442160.0
6907,33772380.0
6908,17778642.0
6909,6107679.0
6910,18970598.0
6911,24570022.0
6912,27799498.0
6913,446971100.0
6914,277883360.0
6915,18345042.0
6916,23554952.0
6917,1138990500.0
6918,95948140.0
6919,9770516.0
6920,125938800.0
6921,215183740.0
6922,18936196.0
6923,6107679.0
6924,4950126.0
6925,21189400.0
6926,17778642.0
6927,4950126.0
6928,43099820.0
6929,77190350.0
6930,176634510.0
6931,23554952.0
6932,15031748.0
6933,6107679.0
6934,127125064.0
6935,6107679.0
6936,29714634.0
6937,188068420.0
6938,4950126.0
6939,31939434.0
6940,148223680.0
6941,83873900.0
6942,18936196.0
6943,4950126.0
6944,111597680.0
6945,16646296.0
6946,94272260.0
6947,6019950.0
6948,27540104.0
6949,73688010.0
6950,379979780.0
6951,6107679.0
6952,22721458.0
6953,23186788.0
6954,29477872.0
6955,47866564.0
6956,14630894.0
6957,10891658.0
6958,4950126.0
6959,5035538.0
6960,40834348.0
6961,54589980.0
6962,164577220.0
6963,30419762.0
6964,50577760.0
6965,17778642.0
6966,62329580.0
6967,140810140.0
6968,13100592.0
6969,6019950.0
6970,37194350.0
6971,116881656.0
6972,4950126.0
6973,39773424.0
6974,56639776.0
6975,20809184.0
6976,30298862.0
6977,4950126.0
6978,17778642.0
6979,54723276.0
6980,32320028.0
6981,6019950.0
6982,71620824.0
6983,6107679.0
6984,133547770.0
6985,267294860.0
6986,35435908.0
6987,4950126.0
6988,17778642.0
6989,18970598.0
6990,326598140.0
6991,6019950.0
6992,6107679.0
6993,4950126.0
6994,4950126.0
6995,55537296.0
6996,96972780.0
6997,4950126.0
6998,10891658.0
6999,136305100.0
7000,6107679.0
7001,6019950.0
7002,3976342.8
7003,23247462.0
7004,64596588.0
7005,4950126.0
7006,4950126.0
7007,22089908.0
7008,128329096.0
7009,12303368.0
7010,27982524.0
7011,4950126.0
7012,7431661.0
7013,6019950.0
7014,4950126.0
7015,138180460.0
7016,232274300.0
7017,16646296.0
7018,14630894.0
7019,76112904.0
7020,71034870.0
7021,38658696.0
7022,41131628.0
7023,50928530.0
7024,17778642.0
7025,7431661.0
7026,279815550.0
7027,94972776.0
7028,6019950.0
7029,55423476.0
7030,64066984.0
7031,95476680.0
7032,26680528.0
7033,4950126.0
7034,22184728.0
7035,14053286.0
7036,7177503.0
7037,14630894.0
7038,25815042.0
7039,78345576.0
7040,28632992.0
7041,40513950.0
7042,74912170.0
7043,14445012.0
7044,35435908.0
7045,35435908.0
7046,76498540.0
7047,263728050.0
7048,17778642.0
7049,65030956.0
7050,4950126.0
7051,13473340.0
7052,78240070.0
7053,18970598.0
7054,53456104.0
7055,130212080.0
7056,287261950.0
7057,13473340.0
7058,4950126.0
7059,41069736.0
7060,21298544.0
7061,20894596.0
7062,54021212.0
7063,4950126.0
7064,227015280.0
7065,47503344.0
7066,6019950.0
7067,4950126.0
7068,41945228.0
7069,9770516.0
7070,148497630.0
7071,168527630.0
7072,6107679.0
7073,54206640.0
7074,6323060.0
7075,55381244.0
7076,103143920.0
7077,31364200.0
7078,68435576.0
7079,6019950.0
7080,16646296.0
7081,27982524.0
7082,9770516.0
7083,6019950.0
7084,39211956.0
7085,17198412.0
7086,4950126.0
7087,160546400.0
7088,107148100.0
7089,13934088.0
7090,16101572.0
7091,7177503.0
7092,475997630.0
7093,45307000.0
7094,56849864.0
7095,22089908.0
7096,47649228.0
7097,108580670.0
7098,54589980.0
7099,73613864.0
7100,16679788.0
7101,46390276.0
7102,4950126.0
7103,9464760.0
7104,26522232.0
7105,74069410.0
7106,41254750.0
7107,73766830.0
7108,17778642.0
7109,40513950.0
7110,4950126.0
7111,6019950.0
7112,116681890.0
7113,130671250.0
7114,30006676.0
7115,18936196.0
7116,17778642.0
7117,4950126.0
7118,30006676.0
7119,19677938.0
7120,4950126.0
7121,45964556.0
7122,4950126.0
7123,4950126.0
7124,432872320.0
7125,43213420.0
7126,241965940.0
7127,82376760.0
7128,22452270.0
7129,6409221.5
7130,17778642.0
7131,22650346.0
7132,30781882.0
7133,142184540.0
7134,65891804.0
7135,142063360.0
7136,47352216.0
7137,29714634.0
7138,14932436.0
7139,6019950.0
7140,204111420.0
7141,4950126.0
7142,33731740.0
7143,55874280.0
7144,4950126.0
7145,72780820.0
7146,7801702.5
7147,65571410.0
7148,38608070.0
7149,17778642.0
7150,6107679.0
7151,19687110.0
7152,69926750.0
7153,17778642.0
7154,40513950.0
7155,226591730.0
7156,22184728.0
7157,78240070.0
7158,6107679.0
7159,15031748.0
7160,4950126.0
7161,58010430.0
7162,361717570.0
7163,29990516.0
7164,6019950.0
7165,198786480.0
7166,28632992.0
7167,6019950.0
7168,6019950.0
7169,7431661.0
7170,30781882.0
7171,33803890.0
7172,23247462.0
7173,9770516.0
7174,16405432.0
7175,4950126.0
7176,24928636.0
7177,157853650.0
7178,54723276.0
7179,118229060.0
7180,4950126.0
7181,13473340.0
7182,76112904.0
7183,4950126.0
7184,1036264600.0
7185,14630894.0
7186,40513950.0
7187,98905400.0
7188,74145700.0
7189,17281382.0
7190,13473340.0
7191,4950126.0
7192,37359300.0
7193,17778642.0
7194,319152200.0
7195,29714634.0
7196,44514260.0
7197,16101572.0
7198,22089908.0
7199,22089908.0
7200,118037600.0
7201,6107679.0
7202,22689538.0
7203,4950126.0
7204,75449096.0
7205,237049950.0
7206,87175700.0
7207,448731200.0
7208,38306772.0
7209,20068258.0
7210,4950126.0
7211,6107679.0
7212,18520384.0
7213,33290620.0
7214,277052260.0
7215,99643170.0
7216,119375200.0
7217,4950126.0
7218,40834348.0
7219,29391520.0
7220,59313520.0
7221,33290620.0
7222,109840030.0
7223,6107679.0
7224,17778642.0
7225,4950126.0
7226,66042130.0
7227,100547430.0
7228,56797160.0
7229,40834348.0
7230,4950126.0
7231,27799498.0
7232,218835020.0
7233,223417660.0
7234,221962600.0
7235,50928530.0
7236,105824820.0
7237,27799498.0
7238,4950126.0
7239,684428200.0
7240,82882940.0
7241,127125064.0
7242,41155984.0
7243,24928636.0
7244,41254750.0
7245,4950126.0
7246,6107679.0
7247,65891804.0
7248,88702584.0
7249,4950126.0
7250,4950126.0
7251,50928530.0
7252,11205978.0
7253,38148310.0
7254,68015240.0
7255,4950126.0
7256,22089908.0
7257,42390140.0
7258,63364228.0
7259,16101572.0
7260,6107679.0
7261,379207970.0
7262,4950126.0
7263,61520700.0
7264,13473340.0
7265,19541994.0
7266,41945228.0
7267,4950126.0
7268,17778642.0
7269,87002410.0
7270,196313570.0
7271,4950126.0
7272,34163804.0
7273,14630894.0
7274,21966738.0
7275,35497804.0
7276,4950126.0
7277,193249000.0
7278,359058530.0
7279,130731590.0
7280,116416390.0
7281,38306772.0
7282,90307500.0
7283,163650140.0
7284,6107679.0
7285,86266360.0
7286,168064880.0
7287,24461726.0
7288,18936196.0
7289,99120410.0
7290,45912384.0
7291,32746186.0
7292,9770516.0
7293,22672228.0
7294,16101572.0
7295,86266360.0
7296,4950126.0
7297,52001508.0
7298,15307772.0
7299,6019950.0
7300,18906240.0
7301,50005388.0
7302,6019950.0
7303,4950126.0
7304,16324918.0
7305,4950126.0
7306,456141500.0
7307,4950126.0
7308,4950126.0
7309,22672228.0
7310,22089908.0
7311,27600564.0
7312,128292100.0
7313,210334850.0
7314,18970598.0
7315,13934088.0
7316,41424612.0
7317,24649318.0
7318,133211280.0
7319,20809184.0
7320,270640900.0
7321,4950126.0
7322,20809184.0
7323,34436580.0
7324,28849484.0
7325,199535440.0
7326,238026690.0
7327,18936196.0
7328,71245380.0
7329,175282930.0
7330,254506930.0
7331,81308450.0
7332,50940828.0
7333,97664180.0
7334,30781882.0
7335,71545790.0
7336,99763000.0
7337,8589216.0
7338,77076510.0
7339,88925200.0
7340,10891658.0
7341,4950126.0
7342,147697170.0
7343,1160534.8
7344,4950126.0
7345,7177503.0
7346,13100592.0
7347,17767434.0
7348,22089908.0
7349,93561064.0
7350,29184256.0
7351,50928530.0
7352,4950126.0
7353,4950126.0
7354,4950126.0
7355,42644276.0
7356,44851456.0
7357,11464538.0
7358,5594524.5
7359,111389820.0
7360,35435908.0
7361,4950126.0
7362,158734130.0
7363,724030700.0
7364,6107679.0
7365,48489910.0
7366,65891804.0
7367,4950126.0
7368,22089908.0
7369,59363664.0
7370,88331850.0
7371,4950126.0
7372,112403770.0
7373,354443520.0
7374,41424612.0
7375,72599730.0
7376,4950126.0
7377,27540104.0
7378,128912720.0
7379,105278870.0
7380,22999244.0
7381,6019950.0
7382,9770516.0
7383,4950126.0
7384,56797160.0
7385,62182900.0
7386,34124120.0
7387,4950126.0
7388,17778642.0
7389,4950126.0
7390,4950126.0
7391,13473340.0
7392,30006676.0
7393,533931500.0
7394,107671336.0
7395,35756304.0
7396,56849864.0
7397,109789390.0
7398,22999244.0
